0.012166
0.016406
0.020153
0.023695
0.026403
0.028665
0.030017
0.030564
0.030125
0.029289
0.027935
0.026987
0.026283
0.025675
0.025258
0.025218
0.025550
0.026008
0.026263
0.026567
0.026683
0.026950
0.027266
0.027656
0.028029
0.028394
0.028681
0.028985
0.029323
0.029689
0.029954
0.030235
0.030515
0.030825
0.031137
0.031471
0.031709
0.031875
0.032086
0.032277
0.032401
0.032575
0.032731
0.032922
0.033086
0.033278
0.033489
0.033709
0.033885
0.034075
0.034273
0.034475
0.034677
0.034911
0.035132
0.035342
0.035541
0.035730
0.035860
0.035996
0.036135
0.036274
0.036412
0.036549
0.036682
0.036761
0.036800
0.036858
0.036930
0.037012
0.037048
0.037103
0.037169
0.037243
0.037322
0.037403
0.037485
0.037567
0.037648
0.037727
0.037805
0.037880
0.037902
0.037887
0.037894
0.037919
0.037954
0.037997
0.038045
0.038045
0.038062
0.038090
0.038075
0.038030
0.038012
0.038014
0.038030
0.038056
0.038089
0.038126
0.038167
0.038209
0.038252
0.038295
0.038338
0.038379
0.038420
0.038460
0.038499
0.038536
0.038572
0.038606
0.038640
0.038672
0.038703
0.038732
0.038761
0.038788
0.038814
0.038839
0.038863
0.038887
0.038909
0.038930
0.038950
0.038920
0.038902
0.038894
0.038892
0.038895
0.038902
0.038911
0.038921
0.038933
0.038945
0.038958
0.038971
0.038985
0.038998
0.039011
0.039023
0.039036
0.039048
0.039060
0.039071
0.039082
0.039093
0.039103
0.039113
0.039122
0.039132
0.039140
0.039149
0.039157
0.039165
0.039173
0.039180
0.039187
0.039194
0.039200
0.039206
0.039212
0.039218
0.039224
0.039229
0.039234
0.039239
0.039244
0.039249
0.039253
0.039257
0.039261
0.039265
0.039269
0.039273
0.039276
0.039279
0.039283
0.039286
0.039289
0.039292
0.039294
0.039297
0.039300
0.039302
0.039304
0.039307
0.039309
0.039311
0.039313
0.039315
0.039317
0.039319
0.039320
0.039322
0.039324
0.039325
0.039327
0.039328
0.039329
