0.012166
0.017078
0.021224
0.024522
0.026894
0.028386
0.028120
0.026897
0.025409
0.023886
0.022747
0.021903
0.021280
0.020752
0.019871
0.019156
0.018646
0.018278
0.018009
0.017810
0.017658
0.017541
0.017446
0.017368
0.017302
0.017243
0.017190
0.017142
0.017096
0.017052
0.017009
0.016967
0.016926
0.016886
0.016846
0.016807
0.016768
0.016729
0.016690
0.016652
0.016613
0.016575
0.016537
0.016499
0.016462
0.016424
0.016387
0.016349
0.016312
0.016275
0.016238
0.016201
0.016165
0.016128
0.016092
0.016056
0.016019
0.015983
0.015948
0.015912
0.015876
0.015841
0.015806
0.015770
0.015735
0.015700
0.015665
0.015631
0.015596
0.015562
0.015527
0.015493
0.015459
0.015425
0.015391
0.015358
0.015324
0.015290
0.015257
0.015224
0.015191
0.015158
0.015125
0.015092
0.015059
0.015027
0.014994
0.014962
0.014930
0.014898
0.014866
0.014834
0.014802
0.014771
0.014739
0.014708
0.014677
0.014646
0.014615
0.014584
0.014553
0.014522
0.014492
0.014461
0.014431
0.014400
0.014370
0.014340
0.014310
0.014280
0.014251
0.014221
0.014192
0.014162
0.014133
0.014104
0.014075
0.014046
0.014017
0.013988
0.013959
0.013931
0.013902
0.013874
0.013846
0.013818
0.013789
0.013761
0.013734
0.013706
0.013678
0.013651
0.013623
0.013596
0.013569
0.013541
0.013514
0.013487
0.013461
0.013434
0.013407
0.013381
0.013354
0.013328
0.013301
0.013275
0.013249
0.013223
0.013197
0.013171
0.013146
0.013120
0.013094
0.013069
0.013044
0.013018
0.012993
0.012968
0.012943
0.012918
0.012893
0.012869
0.012844
0.012819
0.012795
0.012771
0.012746
0.012722
0.012698
0.012674
0.012650
0.012626
0.012602
0.012579
0.012555
0.012532
0.012508
0.012485
0.012462
0.012438
0.012415
0.012392
0.012369
0.012347
0.012324
0.012301
0.012278
0.012256
0.012234
0.012211
0.012189
0.012167
0.012145
0.012123
0.012101
0.012079
0.012057
0.012035
0.012014
0.011992
0.011971
0.011949
0.011928
0.011907
0.011885
0.011864
0.011843
0.011822
0.011801
0.011781
0.011760
0.011739
0.011719
0.011698
0.011678
0.011657
0.011637
0.011617
0.011597
0.011577
0.011557
0.011537
0.011517
0.011497
0.011477
0.011458
0.011438
0.011419
0.011399
0.011380
0.011361
0.011342
0.011322
0.011303
0.011284
0.011265
0.011247
0.011228
0.011209
0.011190
0.011172
0.011153
0.011135
0.011116
0.011098
0.011080
0.011062
0.011043
0.011025
0.011007
0.010989
0.010972
0.010954
0.010936
0.010918
0.010901
0.010883
0.010866
0.010848
0.010831
0.010814
0.010796
0.010779
0.010762
0.010745
0.010728
0.010711
0.010694
0.010677
0.010661
0.010644
0.010627
0.010611
0.010594
0.010578
0.010561
0.010545
0.010529
0.010512
0.010496
0.010480
0.010464
0.010448
0.010432
0.010416
0.010401
0.010385
0.010369
0.010353
0.010338
0.010322
0.010307
0.010291
0.010276
0.010261
0.010246
0.010230
0.010215
0.010200
0.010185
0.010170
0.010155
0.010140
0.010126
0.010111
0.010096
0.010081
0.010067
0.010052
0.010038
0.010023
0.010009
0.009995
0.009980
0.009966
0.009952
0.009938
0.009924
0.009910
0.009896
0.009882
0.009868
0.009854
0.009840
0.009826
0.009813
0.009799
0.009785
0.009772
0.009758
0.009745
0.009732
0.009718
0.009705
0.009692
0.009678
0.009665
0.009652
0.009639
0.009626
0.009613
0.009600
0.009587
0.009575
0.009562
0.009549
0.009536
0.009524
0.009511
0.009499
0.009486
0.009474
0.009461
0.009449
0.009436
0.009424
0.009412
0.009400
0.009388
0.009375
0.009363
0.009351
0.009339
0.009327
0.009316
0.009304
0.009292
0.009280
0.009268
0.009257
0.009245
0.009234
0.009222
0.009210
0.009199
0.009188
0.009176
0.009165
0.009154
0.009142
0.009131
0.009120
0.009109
0.009098
0.009087
0.009075
0.009065
0.009054
0.009043
0.009032
0.009021
0.009010
0.008999
0.008989
0.008978
0.008967
0.008957
0.008946
0.008936
0.008925
0.008915
0.008904
0.008894
0.008884
0.008873
0.008863
0.008853
0.008843
0.008833
0.008822
0.008812
0.008802
0.008792
0.008782
0.008772
0.008763
0.008753
0.008743
0.008733
0.008723
0.008714
0.008704
0.008694
0.008685
0.008675
0.008666
0.008656
0.008647
0.008637
0.008628
0.008618
0.008609
0.008600
0.008590
0.008581
0.008572
0.008563
0.008554
0.008545
0.008536
0.008526
0.008517
0.008509
0.008500
0.008491
0.008482
0.008473
0.008464
0.008455
0.008447
0.008438
0.008429
0.008420
0.008412
0.008403
0.008395
0.008386
0.008378
0.008369
0.008361
0.008352
0.008344
0.008336
0.008327
0.008319
0.008311
0.008303
0.008294
0.008286
0.008278
0.008270
0.008262
0.008254
0.008246
0.008238
0.008230
0.008222
0.008214
0.008206
0.008198
0.008190
0.008183
0.008175
0.008167
0.008159
0.008152
0.008144
0.008136
0.008129
0.008121
0.008114
0.008106
0.008099
0.008091
0.008084
0.008076
0.008069
0.008062
0.008054
0.008047
0.008040
0.008032
0.008025
0.008018
0.008011
0.008004
0.007996
0.007989
0.007982
0.007975
0.007968
0.007961
0.007954
0.007947
0.007940
0.007933
0.007927
0.007920
0.007913
0.007906
0.007899
0.007893
0.007886
0.007879
0.007872
0.007866
0.007859
0.007853
0.007846
0.007839
0.007833
0.007826
0.007820
0.007813
0.007807
0.007801
0.007794
0.007788
0.007781
0.007775
0.007769
0.007763
0.007756
0.007750
0.007744
0.007738
0.007731
0.007725
0.007719
0.007713
0.007707
0.007701
0.007695
0.007689
0.007683
0.007677
0.007671
0.007665
0.007659
0.007653
0.007647
0.007642
0.007636
0.007630
0.007624
0.007618
0.007613
0.007607
0.007601
0.007596
0.007590
0.007584
0.007579
0.007573
0.007567
0.007562
0.007556
0.007551
0.007545
0.007540
0.007534
0.007529
0.007524
0.007518
0.007513
0.007507
0.007502
0.007497
0.007491
0.007486
0.007481
0.007476
0.007470
0.007465
0.007460
0.007455
0.007450
0.007445
0.007440
0.007434
0.007429
0.007424
0.007419
0.007414
0.007409
0.007404
0.007399
0.007394
0.007389
0.007384
0.007380
0.007375
0.007370
0.007365
0.007360
0.007355
0.007351
0.007346
0.007341
0.007336
0.007332
0.007327
0.007322
0.007317
0.007313
0.007308
0.007304
0.007299
0.007294
0.007290
0.007285
0.007281
0.007276
0.007272
0.007267
0.007263
0.007258
0.007254
0.007249
0.007245
0.007241
0.007236
0.007232
0.007227
0.007223
0.007219
0.007215
0.007210
0.007206
0.007202
0.007197
0.007193
0.007189
0.007185
0.007181
0.007177
0.007172
0.007168
0.007164
0.007160
0.007156
0.007152
0.007148
0.007144
0.007140
0.007136
0.007132
0.007128
0.007124
0.007120
0.007116
0.007112
0.007108
0.007104
0.007100
0.007096
0.007092
0.007089
0.007085
0.007081
0.007077
0.007073
0.007070
0.007066
0.007062
0.007058
0.007055
0.007051
0.007047
0.007044
0.007040
0.007036
0.007033
0.007029
0.007025
0.007022
0.007018
0.007015
0.007011
0.007007
0.007004
0.007000
0.006997
0.006993
0.006990
0.006986
0.006983
0.006979
0.006976
0.006973
0.006969
0.006966
0.006962
0.006959
0.006956
0.006952
0.006949
0.006946
0.006942
0.006939
0.006936
0.006932
0.006929
0.006926
0.006923
0.006919
0.006916
0.006913
0.006910
0.006907
0.006903
0.006900
0.006897
0.006894
0.006891
0.006888
0.006885
0.006881
0.006878
0.006875
0.006872
0.006869
0.006866
0.006863
0.006860
0.006857
0.006854
0.006851
0.006848
0.006845
0.006842
0.006839
0.006836
0.006833
0.006830
0.006828
0.006825
0.006822
0.006819
0.006816
0.006813
0.006810
0.006808
0.006805
0.006802
0.006799
0.006796
0.006794
0.006791
0.006788
0.006785
0.006783
0.006780
0.006777
0.006774
0.006772
0.006769
0.006766
0.006764
0.006761
0.006758
0.006756
0.006753
0.006750
0.006748
0.006745
0.006743
0.006740
0.006737
0.006735
0.006732
0.006730
0.006727
0.006725
0.006722
0.006720
0.006717
0.006715
0.006712
0.006710
0.006707
0.006705
0.006702
0.006700
0.006697
0.006695
0.006693
0.006690
0.006688
0.006685
0.006683
0.006681
0.006678
0.006676
0.006674
0.006671
0.006669
0.006667
0.006664
0.006662
0.006660
0.006657
0.006655
0.006653
0.006651
0.006648
0.006646
0.006644
0.006642
0.006639
0.006637
0.006635
0.006633
0.006631
0.006628
0.006626
0.006624
0.006622
0.006620
0.006618
0.006615
0.006613
0.006611
0.006609
0.006607
0.006605
0.006603
0.006601
0.006599
0.006597
0.006595
0.006592
0.006590
0.006588
0.006586
0.006584
0.006582
0.006580
0.006578
0.006576
0.006574
0.006572
0.006570
0.006568
0.006566
0.006564
0.006563
0.006561
0.006559
0.006557
0.006555
0.006553
0.006551
0.006549
0.006547
0.006545
0.006543
0.006542
0.006540
0.006538
0.006536
0.006534
0.006532
0.006531
0.006529
0.006527
0.006525
0.006523
0.006521
0.006520
0.006518
0.006516
0.006514
0.006513
0.006511
0.006509
0.006507
0.006506
0.006504
0.006502
0.006500
0.006499
0.006497
0.006495
0.006494
0.006492
0.006490
0.006489
0.006487
0.006485
0.006484
0.006482
0.006480
0.006479
0.006477
0.006475
0.006474
0.006472
0.006470
0.006469
0.006467
0.006466
0.006464
0.006462
0.006461
0.006459
0.006458
0.006456
0.006455
0.006453
0.006452
0.006450
0.006448
0.006447
0.006445
0.006444
0.006442
0.006441
0.006439
0.006438
0.006436
0.006435
0.006433
0.006432
0.006431
0.006429
0.006428
0.006426
0.006425
0.006423
0.006422
0.006420
0.006419
0.006418
0.006416
0.006415
0.006413
0.006412
0.006410
0.006409
0.006408
0.006406
0.006405
0.006404
0.006402
0.006401
0.006400
0.006398
0.006397
0.006395
0.006394
0.006393
0.006391
0.006390
0.006389
0.006388
0.006386
0.006385
0.006384
0.006382
0.006381
0.006380
0.006378
0.006377
0.006376
0.006375
0.006373
0.006372
0.006371
0.006370
0.006368
0.006367
0.006366
0.006365
0.006363
0.006362
0.006361
0.006360
0.006359
0.006357
0.006356
0.006355
0.006354
0.006353
0.006351
0.006350
0.006349
0.006348
0.006347
0.006346
0.006344
0.006343
0.006342
0.006341
0.006340
0.006339
0.006338
0.006336
0.006335
0.006334
0.006333
0.006332
0.006331
0.006330
0.006329
0.006328
0.006326
0.006325
0.006324
0.006323
0.006322
0.006321
0.006320
0.006319
0.006318
0.006317
0.006316
0.006315
0.006314
0.006313
0.006312
0.006311
0.006310
0.006308
0.006307
0.006306
0.006305
0.006304
0.006303
0.006302
0.006301
0.006300
0.006299
0.006298
0.006297
0.006296
0.006295
0.006294
0.006294
0.006293
0.006292
0.006291
0.006290
0.006289
0.006288
0.006287
0.006286
0.006285
0.006284
0.006283
0.006282
0.006281
0.006280
0.006279
0.006278
0.006277
0.006277
0.006276
0.006275
0.006274
0.006273
0.006272
0.006271
0.006270
0.006269
0.006269
0.006268
0.006267
0.006266
0.006265
0.006264
0.006263
0.006262
0.006262
0.006261
0.006260
0.006259
0.006258
0.006257
0.006256
0.006256
0.006255
0.006254
0.006253
0.006252
0.006251
0.006251
0.006250
0.006249
0.006248
0.006247
0.006247
0.006246
0.006245
0.006244
0.006243
0.006243
0.006242
0.006241
0.006240
0.006240
0.006239
0.006238
0.006237
0.006236
0.006236
0.006235
0.006234
0.006233
0.006233
0.006232
0.006231
0.006230
0.006230
0.006229
0.006228
0.006227
0.006227
0.006226
0.006225
0.006225
0.006224
0.006223
0.006222
0.006222
0.006221
0.006220
0.006220
0.006219
0.006218
0.006217
0.006217
0.006216
0.006215
0.006215
0.006214
0.006213
0.006213
0.006212
0.006211
0.006211
0.006210
0.006209
0.006209
0.006208
0.006207
0.006207
0.006206
0.006205
0.006205
0.006204
0.006203
0.006203
0.006202
0.006201
0.006201
0.006200
0.006199
0.006199
0.006198
0.006198
0.006197
0.006196
0.006196
0.006195
0.006195
0.006194
0.006193
0.006193
0.006192
0.006191
0.006191
0.006190
0.006190
0.006189
0.006188
0.006188
0.006187
0.006187
0.006186
0.006186
0.006185
0.006184
0.006184
0.006183
0.006183
0.006182
0.006182
0.006181
0.006180
0.006180
0.006179
0.006179
0.006178
0.006178
0.006177
0.006176
0.006176
0.006175
0.006175
0.006174
0.006174
0.006173
0.006173
0.006172
0.006172
0.006171
0.006171
0.006170
0.006169
0.006169
0.006168
0.006168
0.006167
0.006167
0.006166
0.006166
0.006165
0.006165
0.006164
0.006164
0.006163
0.006163
0.006162
0.006162
0.006161
0.006161
0.006160
0.006160
0.006159
0.006159
0.006158
0.006158
0.006157
0.006157
0.006156
0.006156
0.006156
0.006155
0.006155
0.006154
0.006154
0.006153
0.006153
0.006152
0.006152
0.006151
0.006151
0.006150
0.006150
0.006150
0.006149
0.006149
0.006148
0.006148
0.006147
0.006147
0.006146
0.006146
0.006146
0.006145
0.006145
0.006144
0.006144
0.006143
0.006143
0.006142
0.006142
0.006142
0.006141
0.006141
0.006140
0.006140
0.006140
0.006139
0.006139
0.006138
0.006138
0.006137
0.006137
0.006137
0.006136
0.006136
0.006135
0.006135
0.006135
0.006134
0.006134
0.006133
0.006133
0.006133
0.006132
0.006132
0.006131
0.006131
0.006131
0.006130
0.006130
0.006130
0.006129
0.006129
0.006128
0.006128
0.006128
0.006127
0.006127
0.006127
0.006126
0.006126
0.006125
0.006125
0.006125
0.006124
0.006124
0.006124
0.006123
0.006123
0.006123
0.006122
0.006122
0.006122
0.006121
0.006121
0.006120
0.006120
0.006120
0.006119
0.006119
0.006119
0.006118
0.006118
0.006118
0.006117
0.006117
0.006117
0.006116
0.006116
0.006116
0.006115
0.006115
0.006115
0.006114
0.006114
0.006114
0.006113
0.006113
0.006113
0.006112
0.006112
0.006112
0.006112
0.006111
0.006111
0.006111
0.006110
0.006110
0.006110
0.006109
0.006109
0.006109
0.006108
0.006108
0.006108
0.006108
0.006107
0.006107
0.006107
0.006106
0.006106
0.006106
0.006105
0.006105
0.006105
0.006105
0.006104
0.006104
0.006104
0.006103
0.006103
0.006103
0.006103
0.006102
0.006102
0.006102
0.006101
0.006101
0.006101
0.006101
0.006100
0.006100
0.006100
0.006100
0.006099
0.006099
0.006099
0.006098
0.006098
0.006098
0.006098
0.006097
0.006097
0.006097
0.006097
0.006096
0.006096
0.006096
0.006096
0.006095
0.006095
0.006095
0.006095
0.006094
0.006094
0.006094
0.006094
0.006093
0.006093
0.006093
0.006093
0.006092
0.006092
0.006092
0.006092
0.006091
0.006091
0.006091
0.006091
0.006090
0.006090
0.006090
0.006090
0.006089
0.006089
0.006089
0.006089
0.006088
0.006088
0.006088
0.006088
0.006088
0.006087
0.006087
0.006087
0.006087
0.006086
0.006086
0.006086
0.006086
0.006086
0.006085
0.006085
0.006085
0.006085
0.006084
0.006084
0.006084
0.006084
0.006084
0.006083
0.006083
0.006083
0.006083
0.006082
0.006082
0.006082
0.006082
0.006082
0.006081
0.006081
0.006081
0.006081
0.006081
0.006080
0.006080
0.006080
0.006080
0.006080
0.006079
0.006079
0.006079
0.006079
0.006079
0.006078
0.006078
0.006078
0.006078
0.006078
0.006077
0.006077
0.006077
0.006077
0.006077
0.006076
0.006076
0.006076
0.006076
0.006076
0.006076
0.006075
0.006075
0.006075
0.006075
0.006075
0.006074
0.006074
0.006074
0.006074
0.006074
0.006074
0.006073
0.006073
0.006073
0.006073
0.006073
0.006072
0.006072
0.006072
0.006072
0.006072
0.006072
0.006071
0.006071
0.006071
0.006071
0.006071
0.006071
0.006070
0.006070
0.006070
0.006070
0.006070
0.006070
0.006069
0.006069
0.006069
0.006069
0.006069
0.006069
0.006068
0.006068
0.006068
0.006068
0.006068
0.006068
0.006068
0.006067
0.006067
0.006067
0.006067
0.006067
0.006067
0.006066
0.006066
0.006066
0.006066
0.006066
0.006066
0.006066
0.006065
0.006065
0.006065
0.006065
0.006065
0.006065
0.006065
0.006064
0.006064
0.006064
0.006064
0.006064
0.006064
0.006064
0.006063
0.006063
0.006063
0.006063
0.006063
0.006063
0.006063
0.006062
0.006062
0.006062
0.006062
0.006062
0.006062
0.006062
0.006061
0.006061
0.006061
0.006061
0.006061
0.006061
0.006061
0.006060
0.006060
0.006060
0.006060
0.006060
0.006060
0.006060
0.006060
0.006059
0.006059
0.006059
0.006059
0.006059
0.006059
0.006059
0.006059
0.006058
0.006058
0.006058
0.006058
0.006058
0.006058
0.006058
0.006058
0.006057
0.006057
0.006057
0.006057
0.006057
0.006057
0.006057
0.006057
0.006057
0.006056
0.006056
0.006056
0.006056
0.006056
0.006056
0.006056
0.006056
0.006055
0.006055
0.006055
0.006055
0.006055
0.006055
0.006055
0.006055
0.006055
0.006054
0.006054
0.006054
0.006054
0.006054
0.006054
0.006054
0.006054
0.006054
0.006054
0.006053
0.006053
0.006053
0.006053
0.006053
0.006053
0.006053
0.006053
0.006053
0.006052
0.006052
0.006052
0.006052
0.006052
0.006052
0.006052
0.006052
0.006052
0.006052
0.006051
0.006051
0.006051
0.006051
0.006051
0.006051
0.006051
0.006051
0.006051
0.006051
0.006051
0.006050
0.006050
0.006050
0.006050
0.006050
0.006050
0.006050
0.006050
0.006050
0.006050
0.006049
0.006049
0.006049
0.006049
0.006049
0.006049
0.006049
0.006049
0.006049
0.006049
0.006049
0.006048
0.006048
0.006048
0.006048
0.006048
0.006048
0.006048
0.006048
0.006048
0.006048
0.006048
0.006048
0.006047
0.006047
0.006047
0.006047
0.006047
0.006047
0.006047
0.006047
0.006047
0.006047
0.006047
0.006047
0.006046
0.006046
0.006046
0.006046
0.006046
0.006046
0.006046
0.006046
0.006046
0.006046
0.006046
0.006046
0.006046
0.006045
0.006045
0.006045
0.006045
0.006045
0.006045
0.006045
0.006045
0.006045
0.006045
0.006045
0.006045
0.006045
0.006044
0.006044
0.006044
0.006044
0.006044
0.006044
0.006044
0.006044
0.006044
0.006044
0.006044
0.006044
0.006044
0.006044
0.006043
0.006043
0.006043
0.006043
0.006043
0.006043
0.006043
0.006043
0.006043
0.006043
0.006043
0.006043
0.006043
0.006043
0.006043
0.006042
0.006042
0.006042
0.006042
0.006042
0.006042
0.006042
0.006042
0.006042
0.006042
0.006042
0.006042
0.006042
0.006042
0.006042
0.006041
0.006041
0.006041
0.006041
0.006041
0.006041
0.006041
0.006041
0.006041
0.006041
0.006041
0.006041
0.006041
0.006041
0.006041
0.006041
0.006041
0.006040
0.006040
0.006040
0.006040
0.006040
0.006040
0.006040
0.006040
0.006040
0.006040
0.006040
0.006040
0.006040
0.006040
0.006040
0.006040
0.006040
0.006039
0.006039
0.006039
0.006039
0.006039
0.006039
0.006039
0.006039
0.006039
0.006039
0.006039
0.006039
0.006039
0.006039
0.006039
0.006039
0.006039
0.006039
0.006039
0.006038
0.006038
0.006038
0.006038
0.006038
0.006038
0.006038
0.006038
0.006038
0.006038
0.006038
0.006038
0.006038
0.006038
0.006038
0.006038
0.006038
0.006038
0.006038
0.006038
0.006037
0.006037
0.006037
0.006037
0.006037
0.006037
0.006037
0.006037
0.006037
0.006037
0.006037
0.006037
0.006037
0.006037
0.006037
0.006037
0.006037
0.006037
0.006037
0.006037
0.006037
0.006036
0.006036
0.006036
0.006036
0.006036
0.006036
0.006036
0.006036
0.006036
0.006036
0.006036
0.006036
0.006036
0.006036
0.006036
0.006036
0.006036
0.006036
0.006036
0.006036
0.006036
0.006036
0.006036
0.006035
0.006035
0.006035
0.006035
0.006035
0.006035
0.006035
0.006035
0.006035
0.006035
0.006035
0.006035
0.006035
0.006035
0.006035
0.006035
0.006035
0.006035
0.006035
0.006035
0.006035
0.006035
0.006035
0.006035
0.006035
0.006035
0.006034
0.006034
0.006034
0.006034
0.006034
0.006034
0.006034
0.006034
0.006034
0.006034
0.006034
0.006034
0.006034
0.006034
0.006034
0.006034
0.006034
0.006034
0.006034
0.006034
0.006034
0.006034
0.006034
0.006034
0.006034
0.006034
0.006034
0.006034
0.006033
0.006033
0.006033
0.006033
0.006033
0.006033
0.006033
0.006033
0.006033
0.006033
0.006033
0.006033
0.006033
0.006033
0.006033
0.006033
0.006033
0.006033
0.006033
0.006033
0.006033
0.006033
0.006033
0.006033
0.006033
0.006033
0.006033
0.006033
0.006033
0.006033
0.006033
0.006032
0.006032
0.006032
0.006032
0.006032
0.006032
0.006032
0.006032
0.006032
0.006032
0.006032
0.006032
0.006032
0.006032
0.006032
0.006032
0.006032
0.006032
0.006032
0.006032
0.006032
0.006032
0.006032
0.006032
0.006032
0.006032
0.006032
0.006032
0.006032
0.006032
0.006032
0.006032
0.006032
0.006032
0.006032
0.006031
0.006031
0.006031
0.006031
0.006031
0.006031
0.006031
0.006031
0.006031
0.006031
0.006031
0.006031
0.006031
0.006031
0.006031
0.006031
0.006031
0.006031
0.006031
0.006031
0.006031
0.006031
0.006031
0.006031
0.006031
0.006031
0.006031
0.006031
0.006031
0.006031
0.006031
0.006031
0.006031
0.006031
0.006031
0.006031
0.006031
0.006031
0.006031
0.006031
0.006030
0.006030
0.006030
0.006030
0.006030
0.006030
0.006030
0.006030
0.006030
0.006030
0.006030
0.006030
0.006030
0.006030
0.006030
0.006030
0.006030
0.006030
0.006030
0.006030
0.006030
0.006030
0.006030
0.006030
0.006030
0.006030
0.006030
0.006030
0.006030
0.006030
0.006030
0.006030
0.006030
0.006030
0.006030
0.006030
0.006030
0.006030
0.006030
0.006030
0.006030
0.006030
0.006030
0.006030
0.006030
0.006030
0.006030
0.006029
0.006029
0.006029
0.006029
0.006029
0.006029
0.006029
0.006029
0.006029
0.006029
0.006029
0.006029
0.006029
0.006029
0.006029
0.006029
0.006029
0.006029
0.006029
0.006029
0.006029
0.006029
0.006029
0.006029
0.006029
0.006029
0.006029
0.006029
0.006029
0.006029
0.006029
0.006029
0.006029
0.006029
0.006029
0.006029
0.006029
0.006029
0.006029
0.006029
0.006029
0.006029
0.006029
0.006029
0.006029
0.006029
0.006029
0.006029
0.006029
0.006029
0.006029
0.006029
0.006029
0.006029
0.006029
0.006029
0.006029
0.006028
0.006028
0.006028
0.006028
0.006028
0.006028
0.006028
0.006028
0.006028
0.006028
0.006028
0.006028
0.006028
0.006028
0.006028
0.006028
0.006028
0.006028
0.006028
0.006028
0.006028
0.006028
0.006028
0.006028
0.006028
0.006028
0.006028
0.006028
0.006028
0.006028
0.006028
0.006028
0.006028
0.006028
0.006028
0.006028
0.006028
0.006028
0.006028
0.006028
0.006028
0.006028
0.006028
0.006028
0.006028
0.006028
0.006028
0.006028
0.006028
0.006028
0.006028
0.006028
0.006028
0.006028
0.006028
0.006028
0.006028
0.006028
0.006028
0.006028
0.006028
0.006028
0.006028
0.006028
0.006028
0.006028
0.006028
0.006028
0.006028
0.006028
0.006028
0.006028
0.006027
0.006027
0.006027
0.006027
0.006027
0.006027
0.006027
0.006027
0.006027
0.006027
0.006027
0.006027
0.006027
0.006027
0.006027
0.006027
0.006027
0.006027
0.006027
0.006027
0.006027
0.006027
0.006027
0.006027
0.006027
0.006027
0.006027
0.006027
0.006027
0.006027
0.006027
0.006027
0.006027
0.006027
0.006027
0.006027
0.006027
0.006027
0.006027
0.006027
0.006027
0.006027
0.006027
0.006027
0.006027
0.006027
0.006027
0.006027
0.006027
0.006027
0.006027
0.006027
0.006027
0.006027
0.006027
0.006027
0.006027
0.006027
0.006027
0.006027
0.006027
0.006027
0.006027
0.006027
0.006027
0.006027
0.006027
0.006027
0.006027
0.006027
0.006027
0.006027
0.006027
0.006027
0.006027
0.006027
0.006027
0.006027
0.006027
0.006027
0.006027
0.006027
0.006027
0.006027
0.006027
0.006027
0.006027
0.006027
0.006027
0.006027
0.006027
0.006027
0.006027
0.006027
0.006027
0.006027
0.006026
0.006026
0.006026
0.006026
0.006026
0.006026
0.006026
0.006026
0.006026
0.006026
0.006026
0.006026
0.006026
0.006026
0.006026
0.006026
0.006026
0.006026
0.006026
0.006026
0.006026
0.006026
0.006026
0.006026
0.006026
0.006026
0.006026
0.006026
0.006026
0.006026
0.006026
0.006026
0.006026
0.006026
0.006026
0.006026
0.006026
0.006026
0.006026
0.006026
0.006026
0.006026
0.006026
0.006026
0.006026
0.006026
0.006026
0.006026
0.006026
0.006026
0.006026
0.006026
0.006026
0.006026
0.006026
0.006026
0.006026
0.006026
0.006026
0.006026
0.006026
0.006026
0.006026
0.006026
0.006026
0.006026
0.006026
0.006026
0.006026
0.006026
0.006026
0.006026
0.006026
0.006026
0.006026
0.006026
0.006026
0.006026
0.006026
0.006026
0.006026
0.006026
0.006026
0.006026
0.006026
0.006026
0.006026
0.006026
0.006026
0.006026
0.006026
0.006026
0.006026
0.006026
0.006026
0.006026
0.006026
0.006026
0.006026
0.006026
0.006026
0.006026
0.006026
0.006026
0.006026
0.006026
0.006026
0.006026
0.006026
0.006026
0.006026
0.006026
0.006026
0.006026
0.006026
0.006026
0.006026
0.006026
0.006026
0.006026
0.006026
0.006026
0.006026
0.006026
0.006026
0.006026
0.006026
0.006026
0.006026
0.006026
0.006026
0.006026
0.006026
0.006026
0.006026
0.006026
0.006026
0.006026
0.006026
0.006026
0.006026
0.006026
0.006026
0.006026
0.006026
0.006026
0.006026
0.006026
0.006026
0.006025
0.006025
0.006025
0.006025
0.006025
0.006025
0.006025
0.006025
0.006025
0.006025
0.006025
0.006025
0.006025
0.006025
0.006025
0.006025
0.006025
0.006025
0.006025
0.006025
0.006025
0.006025
0.006025
0.006025
0.006025
0.006025
0.006025
0.006025
0.006025
0.006025
0.006025
0.006025
0.006025
0.006025
0.006025
0.006025
0.006025
0.006025
0.006025
0.006025
0.006025
0.006025
0.006025
0.006025
0.006025
0.006025
0.006025
0.006025
0.006025
0.006025
0.006025
0.006025
0.006025
0.006025
0.006025
0.006025
0.006025
0.006025
0.006025
0.006025
0.006025
0.006025
0.006025
0.006025
0.006025
0.006025
0.006025
0.006025
0.006025
0.006025
0.006025
0.006025
0.006025
0.006025
0.006025
0.006025
0.006025
0.006025
0.006025
0.006025
0.006025
0.006025
0.006025
0.006025
0.006025
0.006025
0.006025
0.006025
0.006025
0.006025
0.006025
0.006025
0.006025
0.006025
0.006025
0.006025
0.006025
0.006025
0.006025
0.006025
0.006025
0.006025
0.006025
0.006025
0.006025
0.006025
0.006025
0.006025
0.006025
0.006025
0.006025
0.006025
0.006025
0.006025
0.006025
0.006025
0.006025
0.006025
0.006025
0.006025
0.006025
0.006025
0.006025
0.006025
0.006025
0.006025
0.006025
0.006025
0.006025
0.006025
0.006025
0.006025
0.006025
0.006025
0.006025
0.006025
0.006025
0.006025
0.006025
0.006025
0.006025
0.006025
0.006025
0.006025
0.006025
0.006025
0.006025
0.006025
0.006025
0.006025
0.006025
0.006025
0.006025
0.006025
0.006025
0.006025
0.006025
0.006025
0.006025
0.006025
0.006025
0.006025
0.006025
0.006025
0.006025
0.006025
0.006025
0.006025
0.006025
0.006025
0.006025
0.006025
0.006025
0.006025
0.006025
0.006025
0.006025
0.006025
0.006025
0.006025
0.006025
0.006025
0.006025
0.006025
0.006025
0.006025
0.006025
0.006025
0.006025
0.006025
0.006025
0.006025
0.006025
0.006025
0.006025
0.006025
0.006025
0.006025
0.006025
0.006025
0.006025
0.006025
0.006025
0.006025
0.006025
0.006025
0.006025
0.006025
0.006025
0.006025
0.006025
0.006025
0.006025
0.006025
0.006025
0.006025
0.006025
0.006025
0.006025
0.006025
0.006025
0.006025
0.006025
0.006025
0.006025
0.006025
0.006025
0.006025
0.006025
0.006025
0.006025
0.006025
0.006025
0.006025
0.006025
0.006025
0.006025
0.006025
0.006025
0.006025
0.006025
0.006025
0.006025
0.006025
0.006025
0.006025
0.006025
0.006025
0.006025
0.006025
0.006025
0.006025
0.006025
0.006025
0.006025
0.006025
0.006025
0.006025
0.006025
0.006025
0.006025
0.006025
0.006025
0.006025
0.006025
0.006025
0.006025
0.006025
0.006025
0.006025
0.006025
0.006025
0.006025
0.006025
0.006025
0.006025
0.006025
0.006025
0.006025
0.006025
0.006025
0.006025
0.006025
0.006025
0.006025
0.006025
0.006025
0.006025
0.006025
0.006025
0.006025
0.006025
0.006025
0.006025
0.006025
0.006025
0.006025
0.006025
0.006025
0.006025
0.006025
0.006025
0.006025
0.006025
0.006025
0.006025
0.006025
0.006025
0.006025
0.006025
0.006025
0.006025
0.006025
0.006025
0.006025
0.006025
0.006025
0.006025
0.006025
0.006025
0.006025
0.006025
0.006025
0.006025
0.006025
0.006025
0.006025
0.006025
0.006025
0.006025
0.006025
0.006025
0.006025
0.006025
0.006025
0.006025
0.006025
0.006025
0.006025
0.006025
0.006025
0.006025
0.006025
0.006025
0.006025
0.006025
0.006024
0.006024
0.006024
0.006024
0.006024
0.006024
0.006024
0.006024
0.006024
0.006024
0.006024
0.006024
0.006024
0.006024
0.006024
0.006024
0.006024
0.006024
0.006024
0.006024
0.006024
0.006024
0.006024
0.006024
0.006024
0.006024
0.006024
0.006024
0.006024
0.006024
0.006024
0.006024
0.006024
0.006024
0.006024
0.006024
0.006024
0.006024
0.006024
0.006024
0.006024
0.006024
0.006024
0.006024
0.006024
0.006024
0.006024
0.006024
0.006024
0.006024
0.006024
0.006024
0.006024
0.006024
0.006024
0.006024
0.006024
0.006024
0.006024
0.006024
0.006024
0.006024
0.006024
0.006024
0.006024
0.006024
0.006024
0.006024
0.006024
0.006024
0.006024
0.006024
0.006024
0.006024
0.006024
0.006024
0.006024
0.006024
0.006024
0.006024
0.006024
0.006024
0.006024
0.006024
0.006024
0.006024
0.006024
0.006024
0.006024
0.006024
0.006024
0.006024
0.006024
0.006024
0.006024
0.006024
0.006024
0.006024
0.006024
0.006024
0.006024
0.006024
0.006024
0.006024
0.006024
0.006024
0.006024
0.006024
0.006024
0.006024
0.006024
0.006024
0.006024
0.006024
0.006024
0.006024
0.006024
0.006024
0.006024
0.006024
0.006024
0.006024
0.006024
0.006024
0.006024
0.006024
0.006024
0.006024
0.006024
0.006024
0.006024
0.006024
0.006024
0.006024
0.006024
0.006024
0.006024
0.006024
0.006024
0.006024
0.006024
0.006024
0.006024
0.006024
0.006024
0.006024
0.006024
0.006024
0.006024
0.006024
0.006024
0.006024
0.006024
0.006024
0.006024
0.006024
0.006024
0.006024
0.006024
0.006024
0.006024
0.006024
0.006024
0.006024
0.006024
0.006024
0.006024
0.006024
0.006024
0.006024
0.006024
0.006024
0.006024
0.006024
0.006024
0.006024
0.006024
0.006024
0.006024
0.006024
0.006024
0.006024
0.006024
0.006024
0.006024
0.006024
0.006024
0.006024
0.006024
0.006024
0.006024
0.006024
0.006024
0.006024
0.006024
0.006024
0.006024
0.006024
0.006024
0.006024
0.006024
0.006024
0.006024
0.006024
0.006024
0.006024
0.006024
0.006024
0.006024
0.006024
0.006024
0.006024
0.006024
0.006024
0.006024
0.006024
0.006024
0.006024
0.006024
0.006024
0.006024
0.006024
0.006024
0.006024
0.006024
0.006024
0.006024
0.006024
0.006024
0.006024
0.006024
0.006024
0.006024
0.006024
0.006024
0.006024
0.006024
0.006024
0.006024
0.006024
0.006024
0.006024
0.006024
0.006024
0.006024
0.006024
0.006024
0.006024
0.006024
0.006024
0.006024
0.006024
0.006024
0.006024
0.006024
0.006024
0.006024
0.006024
0.006024
0.006024
0.006024
0.006024
0.006024
0.006024
0.006024
0.006024
0.006024
0.006024
0.006024
0.006024
0.006024
0.006024
0.006024
0.006024
0.006024
0.006024
0.006024
0.006024
0.006024
0.006024
0.006024
0.006024
0.006024
0.006024
0.006024
0.006024
0.006024
0.006024
0.006024
0.006024
0.006024
0.006024
0.006024
0.006024
0.006024
0.006024
0.006024
0.006024
0.006024
0.006024
0.006024
0.006024
0.006024
0.006024
0.006024
0.006024
0.006024
0.006024
0.006024
0.006024
0.006024
0.006024
0.006024
0.006024
0.006024
0.006024
0.006024
0.006024
0.006024
0.006024
0.006024
0.006024
0.006024
0.006024
0.006024
0.006024
0.006024
0.006024
0.006024
0.006024
0.006024
0.006024
0.006024
0.006024
0.006024
0.006024
0.006024
0.006024
0.006024
0.006024
0.006024
0.006024
0.006024
0.006024
0.006024
0.006024
0.006024
0.006024
0.006024
0.006024
0.006024
0.006024
0.006024
0.006024
0.006024
0.006024
0.006024
0.006024
0.006024
0.006024
0.006024
0.006024
0.006024
0.006024
0.006024
0.006024
0.006024
0.006024
0.006024
0.006024
0.006024
0.006024
0.006024
0.006024
0.006024
0.006024
0.006024
0.006024
0.006024
0.006024
0.006024
0.006024
0.006024
0.006024
0.006024
0.006024
0.006024
0.006024
0.006024
0.006024
0.006024
0.006024
0.006024
0.006024
0.006024
0.006024
0.006024
0.006024
0.006024
0.006024
0.006024
0.006024
0.006024
0.006024
0.006024
0.006024
0.006024
0.006024
0.006024
0.006024
0.006024
0.006024
0.006024
0.006024
0.006024
0.006024
0.006024
0.006024
0.006024
0.006024
0.006024
0.006024
0.006024
0.006024
0.006024
0.006024
0.006024
0.006024
0.006024
0.006024
0.006024
0.006024
0.006024
0.006024
0.006024
0.006024
0.006024
0.006024
0.006024
0.006024
0.006024
0.006024
0.006024
0.006024
0.006024
0.006024
0.006024
0.006024
0.006024
0.006024
0.006024
0.006024
0.006024
0.006024
0.006024
0.006024
0.006024
0.006024
0.006024
0.006024
0.006024
0.006024
0.006024
0.006024
0.006024
0.006024
0.006024
0.006024
0.006024
0.006024
0.006024
0.006024
0.006024
0.006024
0.006024
0.006024
0.006024
0.006024
0.006024
0.006024
0.006024
0.006024
0.006024
0.006024
0.006024
0.006024
0.006024
0.006024
0.006024
0.006024
0.006024
0.006024
0.006024
0.006024
0.006024
0.006024
0.006024
0.006024
0.006024
0.006024
0.006024
0.006024
0.006024
0.006024
0.006024
0.006024
0.006024
0.006024
0.006024
0.006024
0.006024
0.006024
0.006024
0.006024
0.006024
0.006024
0.006024
0.006024
0.006024
0.006024
0.006024
0.006024
0.006024
0.006024
0.006024
0.006024
0.006024
0.006024
0.006024
0.006024
0.006024
0.006024
0.006024
0.006024
0.006024
0.006024
0.006024
0.006024
0.006024
0.006024
0.006024
0.006024
0.006024
0.006024
0.006024
0.006024
0.006024
0.006024
0.006024
0.006024
0.006024
0.006024
0.006024
0.006024
0.006024
0.006024
0.006024
0.006024
0.006024
0.006024
0.006024
0.006024
0.006024
0.006024
0.006024
0.006024
0.006024
0.006024
0.006024
0.006024
0.006024
0.006024
0.006024
0.006024
0.006024
0.006024
0.006024
0.006024
0.006024
0.006024
0.006024
0.006024
0.006024
0.006024
0.006024
0.006024
0.006024
0.006024
0.006024
0.006024
0.006024
0.006024
0.006024
0.006024
0.006024
0.006024
0.006024
0.006024
0.006024
0.006024
0.006024
0.006024
0.006024
0.006024
0.006024
0.006024
0.006024
0.006024
0.006024
0.006024
0.006024
0.006024
0.006024
0.006024
0.006024
0.006024
0.006024
0.006024
0.006024
0.006024
0.006024
0.006024
0.006024
0.006024
0.006024
0.006024
0.006024
0.006024
0.006024
0.006024
0.006024
0.006024
0.006024
0.006024
0.006024
0.006024
0.006024
0.006024
0.006024
0.006024
0.006024
0.006024
0.006024
0.006024
0.006024
0.006024
0.006024
0.006024
0.006024
0.006024
0.006024
0.006024
0.006024
0.006024
0.006024
0.006024
0.006024
0.006024
0.006024
0.006024
0.006024
0.006024
0.006024
0.006024
0.006024
0.006024
0.006024
0.006024
0.006024
0.006024
0.006024
0.006024
0.006024
0.006024
0.006024
0.006024
0.006024
0.006024
0.006024
0.006024
0.006024
0.006024
0.006024
0.006024
0.006024
0.006024
0.006024
0.006024
0.006024
0.006024
0.006024
0.006024
0.006024
0.006024
0.006024
0.006024
0.006024
0.006024
0.006024
0.006024
0.006024
0.006024
0.006024
0.006024
0.006024
0.006024
0.006024
0.006024
0.006024
0.006024
0.006024
0.006024
0.006024
0.006024
0.006024
0.006024
0.006024
0.006024
0.006024
0.006024
0.006024
0.006024
0.006024
0.006024
0.006024
0.006024
0.006024
0.006024
0.006024
0.006024
0.006024
0.006024
0.006024
0.006024
0.006024
0.006024
0.006024
0.006024
0.006024
0.006024
0.006024
0.006024
0.006024
0.006024
0.006024
0.006024
0.006024
0.006024
0.006024
0.006024
0.006024
0.006024
0.006024
0.006024
0.006024
0.006024
0.006024
0.006024
0.006024
0.006024
0.006024
0.006024
0.006024
0.006024
0.006024
0.006024
0.006024
0.006024
0.006024
0.006024
0.006024
0.006024
0.006024
0.006024
0.006024
0.006024
0.006024
0.006024
0.006024
0.006024
0.006024
0.006024
0.006024
0.006024
0.006024
0.006024
0.006024
0.006024
0.006024
0.006024
0.006024
0.006024
0.006024
0.006024
0.006024
0.006024
0.006024
0.006024
0.006024
0.006024
0.006024
0.006024
0.006024
0.006024
0.006024
0.006024
0.006024
0.006024
0.006024
0.006024
0.006024
0.006024
0.006024
0.006024
0.006024
0.006024
0.006024
0.006024
0.006024
0.006024
0.006024
0.006024
0.006024
0.006024
0.006024
0.006024
0.006024
0.006024
0.006024
0.006024
0.006024
0.006024
0.006024
0.006024
0.006024
0.006024
0.006024
0.006024
0.006024
0.006024
0.006024
0.006024
0.006024
0.006024
0.006024
0.006024
0.006024
0.006024
0.006024
0.006024
0.006024
0.006024
0.006024
0.006024
0.006024
0.006024
0.006024
0.006024
0.006024
0.006024
0.006024
0.006024
0.006024
0.006024
0.006024
0.006024
0.006024
0.006024
0.006024
0.006024
0.006024
0.006024
0.006024
0.006024
0.006024
0.006024
0.006024
0.006024
0.006024
0.006024
0.006024
0.006024
0.006024
0.006024
0.006024
0.006024
0.006024
0.006024
0.006024
0.006024
0.006024
0.006024
0.006024
0.006024
0.006024
0.006024
0.006024
0.006024
0.006024
0.006024
0.006024
0.006024
0.006024
0.006024
0.006024
0.006024
0.006024
0.006024
0.006024
0.006024
0.006024
0.006024
0.006024
0.006024
0.006024
0.006024
0.006024
0.006024
0.006024
0.006024
0.006024
0.006024
0.006024
0.006024
0.006024
0.006024
0.006024
0.006024
0.006024
0.006024
0.006024
0.006024
0.006024
0.006024
0.006024
0.006024
0.006024
0.006024
0.006024
0.006024
0.006024
0.006024
0.006024
0.006024
0.006024
0.006024
0.006024
0.006024
0.006024
0.006024
0.006024
0.006024
0.006024
0.006024
0.006024
0.006024
0.006024
0.006024
0.006024
0.006024
0.006024
0.006024
0.006024
0.006024
0.006024
0.006024
0.006024
0.006024
0.006024
0.006024
0.006024
0.006024
0.006024
0.006024
0.006024
0.006024
0.006024
0.006024
0.006024
0.006024
0.006024
0.006024
0.006024
0.006024
0.006024
0.006024
0.006024
0.006024
0.006024
0.006024
0.006024
0.006024
0.006024
0.006024
0.006024
0.006024
0.006024
0.006024
0.006024
0.006024
0.006024
0.006024
0.006024
0.006024
0.006024
0.006024
0.006024
0.006024
0.006024
0.006024
0.006024
0.006024
0.006024
0.006024
0.006024
0.006024
0.006024
0.006024
0.006024
0.006024
0.006024
0.006024
0.006024
0.006024
0.006024
0.006024
0.006024
0.006024
0.006024
0.006024
0.006024
0.006024
0.006024
0.006024
0.006024
0.006024
0.006024
0.006024
0.006024
0.006024
0.006024
0.006024
0.006024
0.006024
0.006024
0.006024
0.006024
0.006024
0.006024
0.006024
0.006024
0.006024
0.006024
0.006024
0.006024
0.006024
0.006024
0.006024
0.006024
0.006024
0.006024
0.006024
0.006024
0.006024
0.006024
0.006024
0.006024
0.006024
0.006024
0.006024
0.006024
0.006024
0.006024
0.006024
0.006024
0.006024
0.006024
0.006024
0.006024
0.006024
0.006024
0.006024
0.006024
0.006024
0.006024
0.006024
0.006024
0.006024
0.006024
0.006024
0.006024
0.006024
0.006024
0.006024
0.006024
0.006024
0.006024
0.006024
0.006024
0.006024
0.006024
0.006024
0.006024
0.006024
0.006024
0.006024
0.006024
0.006024
0.006024
0.006024
0.006024
0.006024
0.006024
0.006024
0.006024
0.006024
0.006024
0.006024
0.006024
0.006024
0.006024
0.006024
0.006024
0.006024
0.006024
0.006024
0.006024
0.006024
0.006024
0.006024
0.006024
0.006024
0.006024
0.006024
0.006024
0.006024
0.006024
0.006024
0.006024
0.006024
0.006024
0.006024
0.006024
0.006024
0.006024
0.006024
0.006024
0.006024
0.006024
0.006024
0.006024
0.006024
0.006024
0.006024
0.006024
0.006024
0.006024
0.006024
0.006024
0.006024
0.006024
0.006024
0.006024
0.006024
0.006024
0.006024
0.006024
0.006024
0.006024
0.006024
0.006024
0.006024
0.006024
0.006024
0.006024
0.006024
0.006024
0.006024
0.006024
0.006024
0.006024
0.006024
0.006024
0.006024
0.006024
0.006024
0.006024
0.006024
0.006024
0.006024
0.006024
0.006024
0.006024
0.006024
0.006024
0.006024
0.006024
0.006024
0.006024
0.006024
0.006024
0.006024
0.006024
0.006024
0.006024
0.006024
0.006024
0.006024
0.006024
0.006024
0.006024
0.006024
0.006024
0.006024
0.006024
0.006024
0.006024
0.006024
0.006024
0.006024
0.006024
0.006024
0.006024
0.006024
0.006024
0.006024
0.006024
0.006024
0.006024
0.006024
0.006024
0.006024
0.006024
0.006024
0.006024
0.006024
0.006024
0.006024
0.006024
0.006024
0.006024
0.006024
0.006024
0.006024
0.006024
0.006024
0.006024
0.006024
0.006024
0.006024
0.006024
0.006024
0.006024
0.006024
0.006024
0.006024
0.006024
0.006024
0.006024
0.006024
0.006024
0.006024
0.006024
0.006024
0.006024
0.006024
0.006024
0.006024
0.006024
0.006024
0.006024
0.006024
0.006024
0.006024
0.006024
0.006024
0.006024
0.006024
0.006024
0.006024
0.006024
0.006024
0.006024
0.006024
0.006024
0.006024
0.006024
0.006024
0.006024
0.006024
0.006024
0.006024
0.006024
0.006024
0.006024
0.006024
0.006024
0.006024
0.006024
0.006024
0.006024
0.006024
0.006024
0.006024
0.006024
0.006024
0.006024
0.006024
0.006024
0.006024
0.006024
0.006024
0.006024
0.006024
0.006024
0.006024
0.006024
0.006024
0.006024
0.006024
0.006024
0.006024
0.006024
0.006024
0.006024
0.006024
0.006024
0.006024
0.006024
0.006024
0.006024
0.006024
0.006024
0.006024
0.006024
0.006024
0.006024
0.006024
0.006024
0.006024
0.006024
0.006024
0.006024
0.006024
0.006024
0.006024
0.006024
0.006024
0.006024
0.006024
0.006024
0.006024
0.006024
0.006024
0.006024
0.006024
0.006024
0.006024
0.006024
0.006024
0.006024
0.006024
0.006024
0.006024
0.006024
0.006024
0.006024
0.006024
0.006024
0.006024
0.006024
0.006024
0.006024
0.006024
0.006024
0.006024
0.006024
0.006024
0.006024
0.006024
0.006024
0.006024
0.006024
0.006024
0.006024
0.006024
0.006024
0.006024
0.006024
0.006024
0.006024
0.006024
0.006024
0.006024
0.006024
0.006024
0.006024
0.006024
0.006024
0.006024
0.006024
0.006024
0.006024
0.006024
0.006024
0.006024
0.006024
0.006024
0.006024
0.006024
0.006024
0.006024
0.006024
0.006024
0.006024
0.006024
0.006024
0.006024
0.006024
0.006024
0.006024
0.006024
0.006024
0.006024
0.006024
0.006024
0.006024
0.006024
0.006024
0.006024
0.006024
0.006024
0.006024
0.006024
0.006024
0.006024
0.006024
0.006024
0.006024
0.006024
0.006024
0.006024
0.006024
0.006024
0.006024
0.006024
0.006024
0.006024
0.006024
0.006024
0.006024
0.006024
0.006024
0.006024
0.006024
0.006024
0.006024
0.006024
0.006024
0.006024
0.006024
0.006024
0.006024
0.006024
0.006024
0.006024
0.006024
0.006024
0.006024
0.006024
0.006024
0.006024
0.006024
0.006024
0.006024
0.006024
0.006024
0.006024
0.006024
0.006024
0.006024
0.006024
0.006024
0.006024
0.006024
0.006024
0.006024
0.006024
0.006024
0.006024
0.006024
0.006024
0.006024
0.006024
0.006024
0.006024
0.006024
0.006024
0.006024
0.006024
0.006024
0.006024
0.006024
0.006024
0.006024
0.006024
0.006024
0.006024
0.006024
0.006024
0.006024
0.006024
0.006024
0.006024
0.006024
0.006024
0.006024
0.006024
0.006024
0.006024
0.006024
0.006024
0.006024
0.006024
0.006024
0.006024
0.006024
0.006024
0.006024
0.006024
0.006024
0.006024
0.006024
0.006024
0.006024
0.006024
0.006024
0.006024
0.006024
0.006024
0.006024
0.006024
0.006024
0.006024
0.006024
0.006024
0.006024
0.006024
0.006024
0.006024
0.006024
0.006024
0.006024
0.006024
0.006024
0.006024
0.006024
0.006024
0.006024
0.006024
0.006024
0.006024
0.006024
0.006024
0.006024
0.006024
0.006024
0.006024
0.006024
0.006024
0.006024
0.006024
0.006024
0.006024
0.006024
0.006024
0.006024
0.006024
0.006024
0.006024
0.006024
0.006024
0.006024
0.006024
0.006024
0.006024
0.006024
0.006024
0.006024
0.006024
0.006024
0.006024
0.006024
0.006024
0.006024
0.006024
0.006024
0.006024
0.006024
0.006024
0.006024
0.006024
0.006024
0.006024
0.006024
0.006024
0.006024
0.006024
0.006024
0.006024
0.006024
0.006024
0.006024
0.006024
0.006024
0.006024
0.006024
0.006024
0.006024
0.006024
0.006024
0.006024
0.006024
0.006024
0.006024
0.006024
0.006024
0.006024
0.006024
0.006024
0.006024
0.006024
0.006024
0.006024
0.006024
0.006024
0.006024
0.006024
0.006024
0.006024
0.006024
0.006024
0.006024
0.006024
0.006024
0.006024
0.006024
0.006024
0.006024
0.006024
0.006024
0.006024
0.006024
0.006024
0.006024
0.006024
0.006024
0.006024
0.006024
0.006024
0.006024
0.006024
0.006024
0.006024
0.006024
0.006024
0.006024
0.006024
0.006024
0.006024
0.006024
0.006024
0.006024
0.006024
0.006024
0.006024
0.006024
0.006024
0.006024
0.006024
0.006024
0.006024
0.006024
0.006024
0.006024
0.006024
0.006024
0.006024
0.006024
0.006024
0.006024
0.006024
0.006024
0.006024
0.006024
0.006024
0.006024
0.006024
0.006024
0.006024
0.006024
0.006024
0.006024
0.006024
0.006024
0.006024
0.006024
0.006024
0.006024
0.006024
0.006024
0.006024
0.006024
0.006024
0.006024
0.006024
0.006024
0.006024
0.006024
0.006024
0.006024
0.006024
0.006024
0.006024
0.006024
0.006024
0.006024
0.006024
0.006024
0.006024
0.006024
0.006024
0.006024
0.006024
0.006024
0.006024
0.006024
0.006024
0.006024
0.006024
0.006024
0.006024
0.006024
0.006024
0.006024
0.006024
0.006024
0.006024
0.006024
0.006024
0.006024
0.006024
0.006024
0.006024
0.006024
0.006024
0.006024
0.006024
0.006024
0.006024
0.006024
0.006024
0.006024
0.006024
0.006024
0.006024
0.006024
0.006024
0.006024
0.006024
0.006024
0.006024
0.006024
0.006024
0.006024
0.006024
0.006024
0.006024
0.006024
0.006024
0.006024
0.006024
0.006024
0.006024
0.006024
0.006024
0.006024
0.006024
0.006024
0.006024
0.006024
0.006024
0.006024
0.006024
0.006024
0.006024
0.006024
0.006024
0.006024
0.006024
0.006024
0.006024
0.006024
0.006024
0.006024
0.006024
0.006024
0.006024
0.006024
0.006024
0.006024
0.006024
0.006024
0.006024
0.006024
0.006024
0.006024
0.006024
0.006024
0.006024
0.006024
0.006024
0.006024
0.006024
0.006024
0.006024
0.006024
0.006024
0.006024
0.006024
0.006024
0.006024
0.006024
0.006024
0.006024
0.006024
0.006024
0.006024
0.006024
0.006024
0.006024
0.006024
0.006024
0.006024
0.006024
0.006024
0.006024
0.006024
0.006024
0.006024
0.006024
0.006024
0.006024
0.006024
0.006024
0.006024
0.006024
0.006024
0.006024
0.006024
0.006024
0.006024
0.006024
0.006024
0.006024
0.006024
0.006024
0.006024
0.006024
0.006024
0.006024
0.006024
0.006024
0.006024
0.006024
0.006024
0.006024
0.006024
0.006024
0.006024
0.006024
0.006024
0.006024
0.006024
0.006024
0.006024
0.006024
0.006024
0.006024
0.006024
0.006024
0.006024
0.006024
0.006024
0.006024
0.006024
0.006024
0.006024
0.006024
0.006024
0.006024
0.006024
0.006024
0.006024
0.006024
0.006024
0.006024
0.006024
0.006024
0.006024
0.006024
0.006024
0.006024
0.006024
0.006024
0.006024
0.006024
0.006024
0.006024
0.006024
0.006024
0.006024
0.006024
0.006024
0.006024
0.006024
0.006024
0.006024
0.006024
0.006024
0.006024
0.006024
0.006024
0.006024
0.006024
0.006024
0.006024
0.006024
0.006024
0.006024
0.006024
0.006024
0.006024
0.006024
0.006024
0.006024
0.006024
0.006024
0.006024
0.006024
0.006024
0.006024
0.006024
0.006024
0.006024
0.006024
0.006024
0.006024
0.006024
0.006024
0.006024
0.006024
0.006024
0.006024
0.006024
0.006024
0.006024
0.006024
0.006024
0.006024
0.006024
0.006024
0.006024
0.006024
0.006024
0.006024
0.006024
0.006024
0.006024
0.006024
0.006024
0.006024
0.006024
0.006024
0.006024
0.006024
0.006024
0.006024
0.006024
0.006024
0.006024
0.006024
0.006024
0.006024
0.006024
0.006024
0.006024
0.006024
0.006024
0.006024
0.006024
0.006024
0.006024
0.006024
0.006024
0.006024
0.006024
0.006024
0.006024
0.006024
0.006024
0.006024
0.006024
0.006024
0.006024
0.006024
0.006024
0.006024
0.006024
0.006024
0.006024
0.006024
0.006024
0.006024
0.006024
0.006024
0.006024
0.006024
0.006024
0.006024
0.006024
0.006024
0.006024
0.006024
0.006024
0.006024
0.006024
0.006024
0.006024
0.006024
0.006024
0.006024
0.006024
0.006024
0.006024
0.006024
0.006024
0.006024
0.006024
0.006024
0.006024
0.006024
0.006024
0.006024
0.006024
0.006024
0.006024
0.006024
0.006024
0.006024
0.006024
0.006024
0.006024
0.006024
0.006024
0.006024
0.006024
0.006024
0.006024
0.006024
0.006024
0.006024
0.006024
0.006024
0.006024
0.006024
0.006024
0.006024
0.006024
0.006024
0.006024
0.006024
0.006024
0.006024
0.006024
0.006024
0.006024
0.006024
0.006024
0.006024
0.006024
0.006024
0.006024
0.006024
0.006024
0.006024
0.006024
0.006024
0.006024
0.006024
0.006024
0.006024
0.006024
0.006024
0.006024
0.006024
0.006024
0.006024
0.006024
0.006024
0.006024
0.006024
0.006024
0.006024
0.006024
0.006024
0.006024
0.006024
0.006024
0.006024
0.006024
0.006024
0.006024
0.006024
0.006024
0.006024
0.006024
0.006024
0.006024
0.006024
0.006024
0.006024
0.006024
0.006024
0.006024
0.006024
0.006024
0.006024
